0 1573
1.04858e+06 10
2.09715e+06 0
3.14573e+06 0
4.1943e+06 1
5.24288e+06 0
6.29146e+06 5
7.34003e+06 3
8.38861e+06 6
9.43718e+06 83
1.04858e+07 221
1.15343e+07 212
1.25829e+07 50
1.36315e+07 57
1.46801e+07 98
1.57286e+07 129
1.67772e+07 146
1.78258e+07 210
1.88744e+07 300
1.99229e+07 339
2.09715e+07 349
2.20201e+07 537
2.30687e+07 504
2.41172e+07 504
2.51658e+07 538
2.62144e+07 519
2.7263e+07 516
2.83116e+07 565
2.93601e+07 584
3.04087e+07 594
3.14573e+07 2458
3.25059e+07 3109
3.35544e+07 396
3.4603e+07 400
3.56516e+07 415
3.67002e+07 364
3.77487e+07 434
3.87973e+07 416
3.98459e+07 427
4.08945e+07 399
4.1943e+07 377
4.29916e+07 445
4.40402e+07 395
4.50888e+07 401
4.61373e+07 402
4.71859e+07 395
4.82345e+07 403
4.92831e+07 409
5.03316e+07 361
5.13802e+07 323
5.24288e+07 366
5.34774e+07 346
5.4526e+07 327
5.55745e+07 337
5.66231e+07 345
5.76717e+07 280
5.87203e+07 323
5.97688e+07 290
6.08174e+07 247
6.1866e+07 250
6.29146e+07 291
6.39631e+07 335
6.50117e+07 1056
6.60603e+07 243
6.71089e+07 227
6.81574e+07 207
6.9206e+07 194
7.02546e+07 199
7.13032e+07 220
7.23517e+07 195
7.34003e+07 185
7.44489e+07 172
7.54975e+07 211
7.6546e+07 174
7.75946e+07 163
7.86432e+07 245
7.96918e+07 171
8.07404e+07 162
8.17889e+07 159
8.28375e+07 163
8.38861e+07 149
8.49347e+07 155
8.59832e+07 141
8.70318e+07 170
8.80804e+07 164
8.9129e+07 118
9.01775e+07 149
9.12261e+07 2435
9.22747e+07 295
9.33233e+07 144
9.43718e+07 124
9.54204e+07 85
9.6469e+07 112
9.75176e+07 185
9.85661e+07 103
9.96147e+07 108
1.00663e+08 102
1.01712e+08 94
1.0276e+08 96
1.03809e+08 111
1.04858e+08 97
1.05906e+08 95
1.06955e+08 81
1.08003e+08 97
1.09052e+08 224
1.101e+08 107
1.11149e+08 97
1.12198e+08 95
1.13246e+08 93
1.14295e+08 93
1.15343e+08 80
1.16392e+08 95
1.17441e+08 198
1.18489e+08 222
1.19538e+08 104
1.20586e+08 76
1.21635e+08 87
1.22683e+08 84
1.23732e+08 84
1.24781e+08 90
1.25829e+08 65
1.26878e+08 68
1.27926e+08 96
1.28975e+08 57
1.30023e+08 105
1.31072e+08 67
1.32121e+08 62
1.33169e+08 80
1.34218e+08 109
1.35266e+08 105
1.36315e+08 87
1.37363e+08 83
1.38412e+08 81
1.39461e+08 72
1.40509e+08 77
1.41558e+08 89
1.42606e+08 74
1.43655e+08 75
1.44703e+08 71
1.45752e+08 85
1.46801e+08 74
1.47849e+08 92
1.48898e+08 72
1.49946e+08 95
1.50995e+08 102
1.52044e+08 90
1.53092e+08 82
1.54141e+08 70
1.55189e+08 104
1.56238e+08 133
1.57286e+08 76
1.58335e+08 71
1.59384e+08 64
1.60432e+08 69
1.61481e+08 72
1.62529e+08 90
1.63578e+08 75
1.64626e+08 64
1.65675e+08 71
1.66724e+08 62
1.67772e+08 68
1.68821e+08 62
1.69869e+08 67
1.70918e+08 57
1.71966e+08 67
1.73015e+08 60
1.74064e+08 61
1.75112e+08 61
1.76161e+08 58
1.77209e+08 64
1.78258e+08 56
1.79306e+08 64
1.80355e+08 106
1.81404e+08 72
1.82452e+08 68
1.83501e+08 116
1.84549e+08 59
1.85598e+08 56
1.86647e+08 53
1.87695e+08 66
1.88744e+08 57
1.89792e+08 78
1.90841e+08 81
1.91889e+08 81
1.92938e+08 70
1.93987e+08 65
1.95035e+08 56
1.96084e+08 63
1.97132e+08 83
1.98181e+08 65
1.99229e+08 59
2.00278e+08 69
2.01327e+08 64
2.02375e+08 57
2.03424e+08 64
2.04472e+08 62
2.05521e+08 53
2.06569e+08 115
2.07618e+08 723
2.08667e+08 72
2.09715e+08 57
2.10764e+08 60
2.11812e+08 58
2.12861e+08 61
2.1391e+08 68
2.14958e+08 53
2.16007e+08 65
2.17055e+08 67
2.18104e+08 66
2.19152e+08 41
2.20201e+08 49
2.2125e+08 45
2.22298e+08 47
2.23347e+08 54
2.24395e+08 51
2.25444e+08 66
2.26492e+08 38
2.27541e+08 55
2.2859e+08 56
2.29638e+08 58
2.30687e+08 180
2.31735e+08 131
2.32784e+08 58
2.33832e+08 55
2.34881e+08 48
2.3593e+08 49
2.36978e+08 45
2.38027e+08 40
2.39075e+08 47
2.40124e+08 53
2.41172e+08 48
2.42221e+08 51
2.4327e+08 43
2.44318e+08 40
2.45367e+08 43
2.46415e+08 49
2.47464e+08 58
2.48513e+08 35
2.49561e+08 47
2.5061e+08 37
2.51658e+08 37
2.52707e+08 35
2.53755e+08 35
2.54804e+08 39
2.55853e+08 51
2.56901e+08 627
2.5795e+08 61
2.58998e+08 28
2.60047e+08 42
2.61095e+08 31
2.62144e+08 24
2.63193e+08 28
2.64241e+08 31
2.6529e+08 34
2.66338e+08 29
2.67387e+08 51
2.68435e+08 49
2.69484e+08 33
2.70533e+08 19
2.71581e+08 21
2.7263e+08 24
2.73678e+08 29
2.74727e+08 24
2.75775e+08 25
2.76824e+08 32
2.77873e+08 30
2.78921e+08 32
2.7997e+08 23
2.81018e+08 18
2.82067e+08 38
2.83116e+08 20
2.84164e+08 35
2.85213e+08 24
2.86261e+08 37
2.8731e+08 24
2.88358e+08 50
2.89407e+08 422
2.90456e+08 127
2.91504e+08 34
2.92553e+08 27
2.93601e+08 30
2.9465e+08 33
2.95698e+08 175
2.96747e+08 413
2.97796e+08 26
2.98844e+08 28
2.99893e+08 27
3.00941e+08 27
3.0199e+08 35
3.03038e+08 30
3.04087e+08 20
3.05136e+08 19
3.06184e+08 34
3.07233e+08 27
3.08281e+08 29
3.0933e+08 16
3.10378e+08 21
3.11427e+08 19
3.12476e+08 31
3.13524e+08 29
3.14573e+08 26
3.15621e+08 23
3.1667e+08 26
3.17719e+08 22
3.18767e+08 19
3.19816e+08 16
3.20864e+08 16
3.21913e+08 24
3.22961e+08 45
3.2401e+08 32
3.25059e+08 14
3.26107e+08 13
3.27156e+08 21
3.28204e+08 14
3.29253e+08 22
3.30301e+08 17
3.3135e+08 15
3.32399e+08 16
3.33447e+08 15
3.34496e+08 17
3.35544e+08 16
3.36593e+08 21
3.37641e+08 11
3.3869e+08 10
3.39739e+08 24
3.40787e+08 13
3.41836e+08 8
3.42884e+08 7
3.43933e+08 16
3.44982e+08 10
3.4603e+08 44
3.47079e+08 27
3.48127e+08 11
3.49176e+08 5
3.50224e+08 10
3.51273e+08 3
3.52322e+08 14
3.5337e+08 4
3.54419e+08 5
3.55467e+08 8
3.56516e+08 4
3.57564e+08 9
3.58613e+08 2
3.59662e+08 3
3.6071e+08 9
3.61759e+08 6
3.62807e+08 8
3.63856e+08 4
3.64904e+08 5
3.65953e+08 10
3.67002e+08 8
3.6805e+08 6
3.69099e+08 2
3.70147e+08 6
3.71196e+08 6
3.72244e+08 3
3.73293e+08 8
3.74342e+08 47
3.7539e+08 660
3.76439e+08 52
3.77487e+08 1
3.78536e+08 2
3.79585e+08 3
3.80633e+08 1
3.81682e+08 1
3.8273e+08 4
3.83779e+08 1
3.84827e+08 1
3.85876e+08 3
3.86925e+08 2
3.87973e+08 9
3.89022e+08 48
3.9007e+08 35
3.91119e+08 1
3.92167e+08 0
3.93216e+08 1
3.94265e+08 2
3.95313e+08 3
3.96362e+08 1
3.9741e+08 0
3.98459e+08 2
3.99507e+08 0
4.00556e+08 1
4.01605e+08 1
4.02653e+08 3
4.03702e+08 2
4.0475e+08 0
4.05799e+08 4
4.06847e+08 3
4.07896e+08 13
4.08945e+08 3
4.09993e+08 0
4.11042e+08 3
4.1209e+08 2
4.13139e+08 1
4.14188e+08 0
4.15236e+08 1
4.16285e+08 1
4.17333e+08 1
4.18382e+08 1
4.1943e+08 1
4.20479e+08 2
4.21528e+08 1
4.22576e+08 1
4.23625e+08 6
4.24673e+08 2
4.25722e+08 1
4.2677e+08 2
4.27819e+08 1
4.28868e+08 0
4.29916e+08 3
4.30965e+08 3
4.32013e+08 1
4.33062e+08 1
4.3411e+08 4
4.35159e+08 0
4.36208e+08 1
4.37256e+08 2
4.38305e+08 0
4.39353e+08 0
4.40402e+08 1
4.4145e+08 3
4.42499e+08 1
4.43548e+08 2
4.44596e+08 0
4.45645e+08 0
4.46693e+08 0
4.47742e+08 0
4.48791e+08 1
4.49839e+08 1
4.50888e+08 0
4.51936e+08 0
4.52985e+08 1
4.54033e+08 3
4.55082e+08 1
4.56131e+08 1
4.57179e+08 2
4.58228e+08 0
4.59276e+08 1
4.60325e+08 3
4.61373e+08 0
4.62422e+08 1
4.63471e+08 0
4.64519e+08 1
4.65568e+08 1
4.66616e+08 0
4.67665e+08 0
4.68713e+08 0
4.69762e+08 2
4.70811e+08 11
4.71859e+08 2
4.72908e+08 0
4.73956e+08 1
4.75005e+08 0
4.76054e+08 0
4.77102e+08 0
4.78151e+08 0
4.79199e+08 0
4.80248e+08 1
4.81296e+08 0
4.82345e+08 0
4.83394e+08 0
4.84442e+08 1
4.85491e+08 1
4.86539e+08 2
4.87588e+08 0
4.88636e+08 0
4.89685e+08 0
4.90734e+08 1
4.91782e+08 1
4.92831e+08 4
4.93879e+08 1
4.94928e+08 0
4.95976e+08 0
4.97025e+08 1
4.98074e+08 1
4.99122e+08 0
5.00171e+08 2
5.01219e+08 0
5.02268e+08 0
5.03316e+08 1
5.04365e+08 1
5.05414e+08 0
5.06462e+08 0
5.07511e+08 1
5.08559e+08 0
5.09608e+08 1
5.10657e+08 1
5.11705e+08 1
5.12754e+08 0
5.13802e+08 0
5.14851e+08 1
5.15899e+08 0
5.16948e+08 0
5.17997e+08 0
5.19045e+08 0
5.20094e+08 1
5.21142e+08 0
5.22191e+08 2
5.23239e+08 0
5.24288e+08 1
5.25337e+08 1
5.26385e+08 0
5.27434e+08 0
5.28482e+08 2
5.29531e+08 2
5.30579e+08 1
5.31628e+08 1
5.32677e+08 0
5.33725e+08 0
5.34774e+08 0
5.35822e+08 0
5.36871e+08 1
5.37919e+08 0
5.38968e+08 1
5.40017e+08 1
5.41065e+08 0
5.42114e+08 1
5.43162e+08 1
5.44211e+08 1
5.4526e+08 0
5.46308e+08 1
5.47357e+08 1
5.48405e+08 1
5.49454e+08 0
5.50502e+08 0
5.51551e+08 0
5.526e+08 0
5.53648e+08 1
5.54697e+08 1
5.55745e+08 1
5.56794e+08 0
5.57842e+08 1
5.58891e+08 0
5.5994e+08 0
5.60988e+08 1
5.62037e+08 2
5.63085e+08 0
5.64134e+08 0
5.65182e+08 1
5.66231e+08 1
5.6728e+08 0
5.68328e+08 0
5.69377e+08 0
5.70425e+08 0
5.71474e+08 0
5.72522e+08 0
5.73571e+08 0
5.7462e+08 0
5.75668e+08 0
5.76717e+08 1
5.77765e+08 0
5.78814e+08 1
5.79863e+08 0
5.80911e+08 2
5.8196e+08 0
5.83008e+08 0
5.84057e+08 1
5.85105e+08 2
5.86154e+08 0
5.87203e+08 2
5.88251e+08 5
5.893e+08 1
5.90348e+08 1
5.91397e+08 0
5.92445e+08 0
5.93494e+08 0
5.94543e+08 1
5.95591e+08 2
5.9664e+08 0
5.97688e+08 0
5.98737e+08 1
5.99785e+08 0
6.00834e+08 0
6.01883e+08 4
6.02931e+08 0
6.0398e+08 0
6.05028e+08 0
6.06077e+08 0
6.07126e+08 0
6.08174e+08 1
6.09223e+08 0
6.10271e+08 0
6.1132e+08 1
6.12368e+08 1
6.13417e+08 0
6.14466e+08 0
6.15514e+08 1
6.16563e+08 1
6.17611e+08 0
6.1866e+08 1
6.19708e+08 2
6.20757e+08 0
6.21806e+08 4
6.22854e+08 2
6.23903e+08 1
6.24951e+08 1
6.26e+08 0
6.27048e+08 2
6.28097e+08 0
6.29146e+08 1
6.30194e+08 0
6.31243e+08 1
6.32291e+08 1
6.3334e+08 4
6.34388e+08 0
6.35437e+08 1
6.36486e+08 1
6.37534e+08 0
6.38583e+08 0
6.39631e+08 0
6.4068e+08 0
6.41729e+08 1
6.42777e+08 1
6.43826e+08 1
6.44874e+08 1
6.45923e+08 1
6.46971e+08 0
6.4802e+08 1
6.49069e+08 1
6.50117e+08 0
6.51166e+08 1
6.52214e+08 2
6.53263e+08 2
6.54311e+08 0
6.5536e+08 1
6.56409e+08 0
6.57457e+08 1
6.58506e+08 0
6.59554e+08 1
6.60603e+08 1
6.61651e+08 0
6.627e+08 0
6.63749e+08 0
6.64797e+08 0
6.65846e+08 0
6.66894e+08 1
6.67943e+08 0
6.68991e+08 0
6.7004e+08 0
6.71089e+08 0
6.72137e+08 0
6.73186e+08 0
6.74234e+08 0
6.75283e+08 0
6.76332e+08 0
6.7738e+08 0
6.78429e+08 0
6.79477e+08 0
6.80526e+08 0
6.81574e+08 0
6.82623e+08 1
6.83672e+08 0
6.8472e+08 1
6.85769e+08 0
6.86817e+08 1
6.87866e+08 0
6.88914e+08 0
6.89963e+08 0
6.91012e+08 0
6.9206e+08 0
6.93109e+08 0
6.94157e+08 0
6.95206e+08 0
6.96254e+08 0
6.97303e+08 9
6.98352e+08 2
6.994e+08 0
7.00449e+08 0
7.01497e+08 0
7.02546e+08 0
7.03594e+08 0
7.04643e+08 0
7.05692e+08 0
7.0674e+08 0
7.07789e+08 0
7.08837e+08 0
7.09886e+08 0
7.10935e+08 0
7.11983e+08 0
7.13032e+08 1
7.1408e+08 1
7.15129e+08 0
7.16177e+08 0
7.17226e+08 0
7.18275e+08 0
7.19323e+08 0
7.20372e+08 0
7.2142e+08 0
7.22469e+08 0
7.23517e+08 0
7.24566e+08 0
7.25615e+08 1
7.26663e+08 0
7.27712e+08 0
7.2876e+08 0
7.29809e+08 0
7.30857e+08 0
7.31906e+08 0
7.32955e+08 0
7.34003e+08 0
7.35052e+08 0
7.361e+08 0
7.37149e+08 0
7.38198e+08 0
7.39246e+08 0
7.40295e+08 0
7.41343e+08 0
7.42392e+08 0
7.4344e+08 0
7.44489e+08 0
7.45538e+08 0
7.46586e+08 0
7.47635e+08 0
7.48683e+08 0
7.49732e+08 0
7.5078e+08 1
7.51829e+08 0
7.52878e+08 1
7.53926e+08 0
7.54975e+08 0
7.56023e+08 0
7.57072e+08 0
7.5812e+08 0
7.59169e+08 0
7.60218e+08 0
7.61266e+08 0
7.62315e+08 0
7.63363e+08 0
7.64412e+08 0
7.6546e+08 0
7.66509e+08 0
7.67558e+08 0
7.68606e+08 0
7.69655e+08 1
7.70703e+08 0
7.71752e+08 0
7.72801e+08 0
7.73849e+08 0
7.74898e+08 0
7.75946e+08 0
7.76995e+08 0
7.78043e+08 0
7.79092e+08 0
7.80141e+08 0
7.81189e+08 0
7.82238e+08 0
7.83286e+08 1
7.84335e+08 1
7.85383e+08 0
7.86432e+08 0
7.87481e+08 0
7.88529e+08 0
7.89578e+08 0
7.90626e+08 0
7.91675e+08 0
7.92723e+08 0
7.93772e+08 0
7.94821e+08 0
7.95869e+08 0
7.96918e+08 1
7.97966e+08 0
7.99015e+08 0
8.00063e+08 0
8.01112e+08 0
8.02161e+08 0
8.03209e+08 0
8.04258e+08 0
8.05306e+08 0
8.06355e+08 0
8.07404e+08 0
8.08452e+08 0
8.09501e+08 0
8.10549e+08 0
8.11598e+08 0
8.12646e+08 0
8.13695e+08 0
8.14744e+08 0
8.15792e+08 0
8.16841e+08 0
8.17889e+08 0
8.18938e+08 0
8.19986e+08 0
8.21035e+08 0
8.22084e+08 0
8.23132e+08 0
8.24181e+08 0
8.25229e+08 0
8.26278e+08 0
8.27326e+08 0
8.28375e+08 0
8.29424e+08 0
8.30472e+08 0
8.31521e+08 0
8.32569e+08 0
8.33618e+08 0
8.34666e+08 0
8.35715e+08 0
8.36764e+08 0
8.37812e+08 0
8.38861e+08 0
8.39909e+08 1
8.40958e+08 0
8.42007e+08 0
8.43055e+08 0
8.44104e+08 0
8.45152e+08 1
8.46201e+08 0
8.47249e+08 0
8.48298e+08 0
8.49347e+08 0
8.50395e+08 0
8.51444e+08 0
8.52492e+08 1
8.53541e+08 0
8.54589e+08 1
8.55638e+08 0
8.56687e+08 0
8.57735e+08 0
8.58784e+08 0
8.59832e+08 0
8.60881e+08 0
8.61929e+08 0
8.62978e+08 0
8.64027e+08 0
8.65075e+08 0
8.66124e+08 0
8.67172e+08 0
8.68221e+08 0
8.6927e+08 0
8.70318e+08 0
8.71367e+08 0
8.72415e+08 0
8.73464e+08 0
8.74512e+08 0
8.75561e+08 0
8.7661e+08 0
8.77658e+08 0
8.78707e+08 0
8.79755e+08 0
8.80804e+08 0
8.81852e+08 0
8.82901e+08 0
8.8395e+08 0
8.84998e+08 0
8.86047e+08 0
8.87095e+08 0
8.88144e+08 0
8.89192e+08 1
8.90241e+08 0
8.9129e+08 0
8.92338e+08 0
8.93387e+08 0
8.94435e+08 1
8.95484e+08 0
8.96532e+08 0
8.97581e+08 0
8.9863e+08 0
8.99678e+08 0
9.00727e+08 1
9.01775e+08 0
9.02824e+08 0
9.03873e+08 0
9.04921e+08 0
9.0597e+08 0
9.07018e+08 0
9.08067e+08 0
9.09115e+08 0
9.10164e+08 0
9.11213e+08 0
9.12261e+08 0
9.1331e+08 0
9.14358e+08 0
9.15407e+08 0
9.16455e+08 0
9.17504e+08 0
9.18553e+08 0
9.19601e+08 0
9.2065e+08 0
9.21698e+08 0
9.22747e+08 0
9.23795e+08 0
9.24844e+08 0
9.25893e+08 0
9.26941e+08 0
9.2799e+08 0
9.29038e+08 0
9.30087e+08 0
9.31135e+08 1
9.32184e+08 0
9.33233e+08 0
9.34281e+08 0
9.3533e+08 1
9.36378e+08 0
9.37427e+08 0
9.38476e+08 0
9.39524e+08 0
9.40573e+08 0
9.41621e+08 0
9.4267e+08 0
9.43718e+08 0
9.44767e+08 0
9.45816e+08 0
9.46864e+08 1
9.47913e+08 0
9.48961e+08 0
9.5001e+08 0
9.51058e+08 0
9.52107e+08 0
9.53156e+08 0
9.54204e+08 0
9.55253e+08 0
9.56301e+08 0
9.5735e+08 0
9.58398e+08 0
9.59447e+08 0
9.60496e+08 0
9.61544e+08 0
9.62593e+08 0
9.63641e+08 1
9.6469e+08 1
9.65738e+08 0
9.66787e+08 0
9.67836e+08 0
9.68884e+08 0
9.69933e+08 0
9.70981e+08 0
9.7203e+08 0
9.73079e+08 1
9.74127e+08 0
9.75176e+08 0
9.76224e+08 0
9.77273e+08 0
9.78321e+08 0
9.7937e+08 0
9.80419e+08 0
9.81467e+08 1
9.82516e+08 0
9.83564e+08 0
9.84613e+08 0
9.85661e+08 0
9.8671e+08 0
9.87759e+08 0
9.88807e+08 0
9.89856e+08 1
9.90904e+08 0
9.91953e+08 0
9.93001e+08 0
9.9405e+08 0
9.95099e+08 0
9.96147e+08 0
9.97196e+08 0
9.98244e+08 0
9.99293e+08 0
1.00034e+09 0
1.00139e+09 0
1.00244e+09 0
1.00349e+09 0
1.00454e+09 0
1.00558e+09 0
1.00663e+09 0
1.00768e+09 0
1.00873e+09 0
1.00978e+09 0
1.01083e+09 0
1.01188e+09 0
1.01292e+09 0
1.01397e+09 0
1.01502e+09 0
1.01607e+09 0
1.01712e+09 0
1.01817e+09 0
1.01922e+09 0
1.02026e+09 0
1.02131e+09 0
1.02236e+09 0
1.02341e+09 0
1.02446e+09 0
1.02551e+09 0
1.02656e+09 0
1.0276e+09 0
1.02865e+09 0
1.0297e+09 0
1.03075e+09 0
1.0318e+09 0
1.03285e+09 0
1.0339e+09 0
1.03494e+09 0
1.03599e+09 0
1.03704e+09 0
1.03809e+09 0
1.03914e+09 0
1.04019e+09 0
1.04124e+09 0
1.04228e+09 0
1.04333e+09 0
1.04438e+09 0
1.04543e+09 0
1.04648e+09 0
1.04753e+09 0
1.04858e+09 0
1.04962e+09 0
1.05067e+09 0
1.05172e+09 0
1.05277e+09 0
1.05382e+09 0
1.05487e+09 0
1.05592e+09 0
1.05696e+09 0
1.05801e+09 0
1.05906e+09 0
1.06011e+09 0
1.06116e+09 0
1.06221e+09 1
1.06326e+09 0
1.0643e+09 0
1.06535e+09 0
1.0664e+09 0
1.06745e+09 1
1.0685e+09 0
1.06955e+09 0
1.0706e+09 0
1.07164e+09 0
1.07269e+09 0
1.07374e+09 0
1.07479e+09 0
1.07584e+09 0
1.07689e+09 0
1.07794e+09 0
1.07898e+09 0
1.08003e+09 0
1.08108e+09 0
1.08213e+09 0
1.08318e+09 0
1.08423e+09 0
1.08528e+09 0
1.08632e+09 0
1.08737e+09 0
1.08842e+09 0
1.08947e+09 0
1.09052e+09 0
1.09157e+09 0
1.09262e+09 0
1.09366e+09 0
1.09471e+09 0
1.09576e+09 0
1.09681e+09 0
1.09786e+09 0
1.09891e+09 0
1.09996e+09 0
1.101e+09 0
1.10205e+09 0
1.1031e+09 0
1.10415e+09 0
1.1052e+09 0
1.10625e+09 0
1.1073e+09 0
1.10834e+09 0
1.10939e+09 0
1.11044e+09 0
1.11149e+09 0
1.11254e+09 0
1.11359e+09 0
1.11464e+09 0
1.11568e+09 0
1.11673e+09 0
1.11778e+09 0
1.11883e+09 0
1.11988e+09 0
1.12093e+09 0
1.12198e+09 0
1.12302e+09 0
1.12407e+09 0
1.12512e+09 0
1.12617e+09 0
1.12722e+09 0
1.12827e+09 0
1.12932e+09 0
1.13036e+09 0
1.13141e+09 0
1.13246e+09 0
1.13351e+09 0
1.13456e+09 0
1.13561e+09 0
1.13666e+09 0
1.1377e+09 0
1.13875e+09 0
1.1398e+09 0
1.14085e+09 0
1.1419e+09 0
1.14295e+09 0
1.144e+09 0
1.14504e+09 0
1.14609e+09 0
1.14714e+09 0
1.14819e+09 0
1.14924e+09 0
1.15029e+09 0
1.15134e+09 0
1.15239e+09 0
1.15343e+09 0
1.15448e+09 0
1.15553e+09 0
1.15658e+09 0
1.15763e+09 0
1.15868e+09 0
1.15973e+09 0
1.16077e+09 1
1.16182e+09 0
1.16287e+09 0
1.16392e+09 0
1.16497e+09 0
1.16602e+09 0
1.16707e+09 1
1.16811e+09 0
1.16916e+09 0
1.17021e+09 0
1.17126e+09 0
1.17231e+09 0
1.17336e+09 1
1.17441e+09 0
1.17545e+09 0
1.1765e+09 0
1.17755e+09 0
1.1786e+09 0
1.17965e+09 0
1.1807e+09 0
1.18175e+09 0
1.18279e+09 0
1.18384e+09 0
1.18489e+09 0
1.18594e+09 0
1.18699e+09 0
1.18804e+09 0
1.18909e+09 0
1.19013e+09 0
1.19118e+09 0
1.19223e+09 0
1.19328e+09 0
1.19433e+09 0
1.19538e+09 0
1.19643e+09 0
1.19747e+09 0
1.19852e+09 0
1.19957e+09 0
1.20062e+09 0
1.20167e+09 0
1.20272e+09 0
1.20377e+09 0
1.20481e+09 0
1.20586e+09 0
1.20691e+09 0
1.20796e+09 0
1.20901e+09 0
1.21006e+09 0
1.21111e+09 0
1.21215e+09 0
1.2132e+09 0
1.21425e+09 0
1.2153e+09 0
1.21635e+09 0
1.2174e+09 0
1.21845e+09 0
1.21949e+09 0
1.22054e+09 0
1.22159e+09 0
1.22264e+09 0
1.22369e+09 0
1.22474e+09 0
1.22579e+09 0
1.22683e+09 0
1.22788e+09 0
1.22893e+09 0
1.22998e+09 0
1.23103e+09 0
1.23208e+09 0
1.23313e+09 0
1.23417e+09 0
1.23522e+09 0
1.23627e+09 0
1.23732e+09 0
1.23837e+09 0
1.23942e+09 0
1.24047e+09 0
1.24151e+09 0
1.24256e+09 0
1.24361e+09 0
1.24466e+09 0
1.24571e+09 0
1.24676e+09 0
1.24781e+09 1
1.24885e+09 0
1.2499e+09 0
1.25095e+09 0
1.252e+09 0
1.25305e+09 0
1.2541e+09 0
1.25515e+09 0
1.25619e+09 0
1.25724e+09 0
1.25829e+09 0
1.25934e+09 0
1.26039e+09 1
1.26144e+09 0
1.26249e+09 0
1.26353e+09 0
1.26458e+09 0
1.26563e+09 0
1.26668e+09 0
1.26773e+09 0
1.26878e+09 0
1.26983e+09 0
1.27087e+09 0
1.27192e+09 0
1.27297e+09 0
1.27402e+09 0
1.27507e+09 0
1.27612e+09 0
1.27717e+09 0
1.27821e+09 0
1.27926e+09 0
1.28031e+09 0
1.28136e+09 0
1.28241e+09 0
1.28346e+09 0
1.28451e+09 0
1.28555e+09 1
1.2866e+09 0
1.28765e+09 0
1.2887e+09 0
1.28975e+09 0
1.2908e+09 0
1.29185e+09 0
1.29289e+09 0
1.29394e+09 0
1.29499e+09 0
1.29604e+09 0
1.29709e+09 0
1.29814e+09 0
1.29919e+09 0
1.30023e+09 1
1.30128e+09 0
1.30233e+09 0
1.30338e+09 0
1.30443e+09 0
1.30548e+09 0
1.30653e+09 0
1.30757e+09 0
1.30862e+09 0
1.30967e+09 0
1.31072e+09 0
1.31177e+09 0
1.31282e+09 0
1.31387e+09 0
1.31491e+09 0
1.31596e+09 0
1.31701e+09 0
1.31806e+09 0
1.31911e+09 0
1.32016e+09 0
1.32121e+09 0
1.32225e+09 0
1.3233e+09 0
1.32435e+09 0
1.3254e+09 0
1.32645e+09 0
1.3275e+09 0
1.32855e+09 1
1.32959e+09 1
1.33064e+09 0
1.33169e+09 0
1.33274e+09 0
1.33379e+09 0
1.33484e+09 1
1.33589e+09 0
1.33693e+09 0
1.33798e+09 0
1.33903e+09 0
1.34008e+09 0
1.34113e+09 0
1.34218e+09 0
1.34323e+09 0
1.34427e+09 0
1.34532e+09 0
1.34637e+09 0
1.34742e+09 0
1.34847e+09 0
1.34952e+09 0
1.35057e+09 0
1.35161e+09 0
1.35266e+09 0
1.35371e+09 0
1.35476e+09 0
1.35581e+09 0
1.35686e+09 0
1.35791e+09 0
1.35895e+09 0
1.36e+09 0
1.36105e+09 0
1.3621e+09 1
1.36315e+09 0
1.3642e+09 0
1.36525e+09 0
1.36629e+09 0
1.36734e+09 0
1.36839e+09 0
1.36944e+09 0
1.37049e+09 0
1.37154e+09 0
1.37259e+09 0
1.37363e+09 0
1.37468e+09 0
1.37573e+09 0
1.37678e+09 0
1.37783e+09 0
1.37888e+09 0
1.37993e+09 0
1.38097e+09 0
1.38202e+09 0
1.38307e+09 0
1.38412e+09 0
1.38517e+09 0
1.38622e+09 1
1.38727e+09 0
1.38831e+09 0
1.38936e+09 0
1.39041e+09 0
1.39146e+09 0
1.39251e+09 0
1.39356e+09 1
1.39461e+09 0
1.39565e+09 0
1.3967e+09 0
1.39775e+09 0
1.3988e+09 0
1.39985e+09 0
1.4009e+09 0
1.40195e+09 0
1.40299e+09 0
1.40404e+09 0
1.40509e+09 0
1.40614e+09 0
1.40719e+09 0
1.40824e+09 0
1.40929e+09 0
1.41033e+09 0
1.41138e+09 0
1.41243e+09 0
1.41348e+09 0
1.41453e+09 0
1.41558e+09 0
1.41663e+09 0
1.41767e+09 0
1.41872e+09 0
1.41977e+09 0
1.42082e+09 0
1.42187e+09 0
1.42292e+09 0
1.42397e+09 0
1.42501e+09 1
1.42606e+09 0
1.42711e+09 1
1.42816e+09 0
1.42921e+09 0
1.43026e+09 0
1.43131e+09 0
1.43235e+09 0
1.4334e+09 0
1.43445e+09 0
1.4355e+09 0
1.43655e+09 0
1.4376e+09 0
1.43865e+09 1
1.43969e+09 0
1.44074e+09 0
1.44179e+09 0
1.44284e+09 0
1.44389e+09 0
1.44494e+09 0
1.44599e+09 0
1.44703e+09 0
1.44808e+09 0
1.44913e+09 0
1.45018e+09 0
1.45123e+09 0
1.45228e+09 0
1.45333e+09 0
1.45437e+09 0
1.45542e+09 0
1.45647e+09 0
1.45752e+09 1
1.45857e+09 0
1.45962e+09 0
1.46067e+09 0
1.46171e+09 0
1.46276e+09 0
1.46381e+09 0
1.46486e+09 0
1.46591e+09 0
1.46696e+09 0
1.46801e+09 0
1.46905e+09 0
1.4701e+09 0
1.47115e+09 0
1.4722e+09 0
1.47325e+09 0
1.4743e+09 0
1.47535e+09 0
1.4764e+09 0
1.47744e+09 0
1.47849e+09 0
1.47954e+09 0
1.48059e+09 0
1.48164e+09 0
1.48269e+09 0
1.48374e+09 0
1.48478e+09 0
1.48583e+09 0
1.48688e+09 0
1.48793e+09 0
1.48898e+09 0
1.49003e+09 0
1.49108e+09 0
1.49212e+09 0
1.49317e+09 0
1.49422e+09 0
1.49527e+09 0
1.49632e+09 0
1.49737e+09 0
1.49842e+09 0
1.49946e+09 0
1.50051e+09 0
1.50156e+09 0
1.50261e+09 0
1.50366e+09 0
1.50471e+09 0
1.50576e+09 0
1.5068e+09 0
1.50785e+09 0
1.5089e+09 0
1.50995e+09 0
1.511e+09 0
1.51205e+09 0
1.5131e+09 0
1.51414e+09 0
1.51519e+09 0
1.51624e+09 0
1.51729e+09 0
1.51834e+09 0
1.51939e+09 0
1.52044e+09 0
1.52148e+09 0
1.52253e+09 0
1.52358e+09 0
1.52463e+09 0
1.52568e+09 0
1.52673e+09 0
1.52778e+09 0
1.52882e+09 0
1.52987e+09 0
1.53092e+09 0
1.53197e+09 0
1.53302e+09 0
1.53407e+09 0
1.53512e+09 0
1.53616e+09 0
1.53721e+09 0
1.53826e+09 0
1.53931e+09 0
1.54036e+09 0
1.54141e+09 0
1.54246e+09 0
1.5435e+09 0
1.54455e+09 0
1.5456e+09 0
1.54665e+09 0
1.5477e+09 0
1.54875e+09 0
1.5498e+09 0
1.55084e+09 0
1.55189e+09 0
1.55294e+09 0
1.55399e+09 0
1.55504e+09 0
1.55609e+09 0
1.55714e+09 0
1.55818e+09 0
1.55923e+09 0
1.56028e+09 0
1.56133e+09 0
1.56238e+09 0
1.56343e+09 0
1.56448e+09 0
1.56552e+09 0
1.56657e+09 0
1.56762e+09 1
1.56867e+09 0
1.56972e+09 0
1.57077e+09 0
1.57182e+09 0
1.57286e+09 0
1.57391e+09 0
1.57496e+09 0
1.57601e+09 0
1.57706e+09 0
1.57811e+09 0
1.57916e+09 0
1.5802e+09 0
1.58125e+09 0
1.5823e+09 0
1.58335e+09 0
1.5844e+09 0
1.58545e+09 0
1.5865e+09 0
1.58754e+09 0
1.58859e+09 0
1.58964e+09 1
1.59069e+09 0
1.59174e+09 0
1.59279e+09 0
1.59384e+09 0
1.59488e+09 0
1.59593e+09 0
1.59698e+09 0
1.59803e+09 0
1.59908e+09 0
1.60013e+09 0
1.60118e+09 0
1.60222e+09 0
1.60327e+09 0
1.60432e+09 0
1.60537e+09 0
1.60642e+09 0
1.60747e+09 0
1.60852e+09 1
1.60956e+09 0
1.61061e+09 0
1.61166e+09 0
1.61271e+09 0
1.61376e+09 0
1.61481e+09 0
1.61586e+09 0
1.6169e+09 0
1.61795e+09 0
1.619e+09 0
1.62005e+09 0
1.6211e+09 0
1.62215e+09 0
1.6232e+09 0
1.62424e+09 0
1.62529e+09 0
1.62634e+09 0
1.62739e+09 0
1.62844e+09 0
1.62949e+09 0
1.63054e+09 0
1.63158e+09 0
1.63263e+09 0
1.63368e+09 0
1.63473e+09 0
1.63578e+09 0
1.63683e+09 0
1.63788e+09 0
1.63892e+09 0
1.63997e+09 0
1.64102e+09 0
1.64207e+09 0
1.64312e+09 0
1.64417e+09 0
1.64522e+09 0
1.64626e+09 0
1.64731e+09 0
1.64836e+09 0
1.64941e+09 1
1.65046e+09 0
1.65151e+09 0
1.65256e+09 0
1.6536e+09 0
1.65465e+09 0
1.6557e+09 0
1.65675e+09 0
1.6578e+09 0
1.65885e+09 0
1.6599e+09 0
1.66094e+09 0
1.66199e+09 0
1.66304e+09 0
1.66409e+09 0
1.66514e+09 0
1.66619e+09 0
1.66724e+09 0
1.66828e+09 0
1.66933e+09 0
1.67038e+09 0
1.67143e+09 0
1.67248e+09 0
1.67353e+09 0
1.67458e+09 0
1.67562e+09 0
1.67667e+09 1
1.67772e+09 0
1.67877e+09 0
1.67982e+09 0
1.68087e+09 0
1.68192e+09 0
1.68296e+09 0
1.68401e+09 0
1.68506e+09 0
1.68611e+09 0
1.68716e+09 0
1.68821e+09 0
1.68926e+09 0
1.6903e+09 0
1.69135e+09 0
1.6924e+09 0
1.69345e+09 0
1.6945e+09 0
1.69555e+09 1
1.6966e+09 0
1.69764e+09 0
1.69869e+09 0
1.69974e+09 0
1.70079e+09 0
1.70184e+09 0
1.70289e+09 0
1.70394e+09 0
1.70498e+09 0
1.70603e+09 0
1.70708e+09 0
1.70813e+09 0
1.70918e+09 0
1.71023e+09 0
1.71128e+09 0
1.71232e+09 0
1.71337e+09 0
1.71442e+09 0
1.71547e+09 0
1.71652e+09 0
1.71757e+09 0
1.71862e+09 0
1.71966e+09 0
1.72071e+09 0
1.72176e+09 0
1.72281e+09 0
1.72386e+09 0
1.72491e+09 0
1.72596e+09 0
1.727e+09 0
1.72805e+09 0
1.7291e+09 1
1.73015e+09 0
1.7312e+09 0
1.73225e+09 0
1.7333e+09 0
1.73434e+09 0
1.73539e+09 0
1.73644e+09 0
1.73749e+09 0
1.73854e+09 0
1.73959e+09 0
1.74064e+09 0
1.74168e+09 0
1.74273e+09 0
1.74378e+09 0
1.74483e+09 0
1.74588e+09 0
1.74693e+09 0
1.74798e+09 0
1.74902e+09 0
1.75007e+09 0
1.75112e+09 0
1.75217e+09 1
1.75322e+09 0
1.75427e+09 0
1.75532e+09 0
1.75636e+09 0
1.75741e+09 0
1.75846e+09 0
1.75951e+09 0
1.76056e+09 0
1.76161e+09 0
1.76266e+09 0
1.7637e+09 0
1.76475e+09 0
1.7658e+09 1
1.76685e+09 0
1.7679e+09 1
1.76895e+09 0
1.77e+09 0
1.77104e+09 0
1.77209e+09 0
1.77314e+09 1
1.77419e+09 0
1.77524e+09 0
1.77629e+09 0
1.77734e+09 0
1.77838e+09 0
1.77943e+09 0
1.78048e+09 0
1.78153e+09 0
1.78258e+09 0
1.78363e+09 0
1.78468e+09 0
1.78572e+09 0
1.78677e+09 0
1.78782e+09 0
1.78887e+09 0
1.78992e+09 0
1.79097e+09 0
1.79202e+09 0
1.79306e+09 0
1.79411e+09 0
1.79516e+09 0
1.79621e+09 0
1.79726e+09 0
1.79831e+09 1
1.79936e+09 0
1.8004e+09 0
1.80145e+09 0
1.8025e+09 0
1.80355e+09 0
1.8046e+09 0
1.80565e+09 0
1.8067e+09 0
1.80775e+09 0
1.80879e+09 0
1.80984e+09 0
1.81089e+09 0
1.81194e+09 0
1.81299e+09 0
1.81404e+09 0
1.81509e+09 0
1.81613e+09 0
1.81718e+09 0
1.81823e+09 0
1.81928e+09 0
1.82033e+09 0
1.82138e+09 0
1.82243e+09 0
1.82347e+09 0
1.82452e+09 0
1.82557e+09 1
1.82662e+09 0
1.82767e+09 0
1.82872e+09 0
1.82977e+09 0
1.83081e+09 0
1.83186e+09 1
1.83291e+09 0
1.83396e+09 1
1.83501e+09 0
1.83606e+09 0
1.83711e+09 2
1.83815e+09 0
1.8392e+09 1
1.84025e+09 0
1.8413e+09 2
1.84235e+09 3
1.8434e+09 8
1.84445e+09 14
1.84549e+09 19
1.84654e+09 26
1.84759e+09 25
1.84864e+09 28
1.84969e+09 25
1.85074e+09 16
1.85179e+09 8
1.85283e+09 5
1.85388e+09 3
1.85493e+09 0
1.85598e+09 0
1.85703e+09 1
1.85808e+09 0
1.85913e+09 0
1.86017e+09 0
1.86122e+09 0
1.86227e+09 0
1.86332e+09 0
1.86437e+09 0
1.86542e+09 0
1.86647e+09 0
1.86751e+09 0
1.86856e+09 0
1.86961e+09 0
1.87066e+09 0
1.87171e+09 0
1.87276e+09 0
1.87381e+09 0
1.87485e+09 0
1.8759e+09 0
1.87695e+09 0
1.878e+09 0
1.87905e+09 0
1.8801e+09 0
1.88115e+09 0
1.88219e+09 0
1.88324e+09 0
1.88429e+09 0
1.88534e+09 0
1.88639e+09 0
1.88744e+09 0
1.88849e+09 0
1.88953e+09 0
1.89058e+09 0
1.89163e+09 0
1.89268e+09 0
1.89373e+09 0
1.89478e+09 0
1.89583e+09 0
1.89687e+09 0
1.89792e+09 0
1.89897e+09 0
1.90002e+09 0
1.90107e+09 0
1.90212e+09 0
1.90317e+09 0
1.90421e+09 0
1.90526e+09 0
1.90631e+09 0
1.90736e+09 0
1.90841e+09 0
1.90946e+09 0
1.91051e+09 0
1.91155e+09 0
1.9126e+09 0
1.91365e+09 0
1.9147e+09 0
1.91575e+09 0
1.9168e+09 0
1.91785e+09 0
1.91889e+09 0
1.91994e+09 0
1.92099e+09 0
1.92204e+09 0
1.92309e+09 0
1.92414e+09 0
1.92519e+09 0
1.92623e+09 0
1.92728e+09 0
1.92833e+09 0
1.92938e+09 0
1.93043e+09 0
1.93148e+09 0
1.93253e+09 0
1.93357e+09 0
1.93462e+09 0
1.93567e+09 0
1.93672e+09 0
1.93777e+09 0
1.93882e+09 0
1.93987e+09 0
1.94091e+09 0
1.94196e+09 0
1.94301e+09 0
1.94406e+09 0
1.94511e+09 0
1.94616e+09 0
1.94721e+09 0
1.94825e+09 0
1.9493e+09 0
1.95035e+09 0
1.9514e+09 0
1.95245e+09 0
1.9535e+09 0
1.95455e+09 0
1.95559e+09 0
1.95664e+09 0
1.95769e+09 0
1.95874e+09 0
1.95979e+09 0
1.96084e+09 0
1.96189e+09 0
1.96293e+09 0
1.96398e+09 0
1.96503e+09 0
1.96608e+09 0
1.96713e+09 0
1.96818e+09 0
1.96923e+09 0
1.97027e+09 0
1.97132e+09 0
1.97237e+09 0
1.97342e+09 0
1.97447e+09 0
1.97552e+09 0
1.97657e+09 0
1.97761e+09 0
1.97866e+09 0
1.97971e+09 0
1.98076e+09 0
1.98181e+09 0
1.98286e+09 0
1.98391e+09 0
1.98495e+09 0
1.986e+09 0
1.98705e+09 0
1.9881e+09 0
1.98915e+09 0
1.9902e+09 0
1.99125e+09 0
1.99229e+09 0
1.99334e+09 0
1.99439e+09 0
1.99544e+09 0
1.99649e+09 0
1.99754e+09 0
1.99859e+09 0
1.99963e+09 0
2.00068e+09 0
2.00173e+09 0
2.00278e+09 0
2.00383e+09 0
2.00488e+09 0
2.00593e+09 0
2.00697e+09 0
2.00802e+09 0
2.00907e+09 0
2.01012e+09 0
2.01117e+09 0
2.01222e+09 0
2.01327e+09 0
2.01431e+09 0
2.01536e+09 0
2.01641e+09 0
2.01746e+09 0
2.01851e+09 0
2.01956e+09 0
2.02061e+09 0
2.02165e+09 0
2.0227e+09 0
2.02375e+09 0
2.0248e+09 0
2.02585e+09 0
2.0269e+09 0
2.02795e+09 0
2.02899e+09 0
2.03004e+09 0
2.03109e+09 0
2.03214e+09 0
2.03319e+09 0
2.03424e+09 0
2.03529e+09 0
2.03633e+09 0
2.03738e+09 0
2.03843e+09 0
2.03948e+09 0
2.04053e+09 0
2.04158e+09 0
2.04263e+09 0
2.04367e+09 0
2.04472e+09 0
2.04577e+09 0
2.04682e+09 0
2.04787e+09 0
2.04892e+09 0
