0 19
20 18
40 16
60 18
80 26
100 19
120 17
140 15
160 15
180 19
200 23
220 25
240 16
260 19
280 11
300 19
320 27
340 26
360 19
380 18
400 13
420 26
440 28
460 16
480 17
500 25
520 23
540 31
560 18
580 29
600 23
620 27
640 19
660 25
680 23
700 19
720 42
740 20
760 28
780 23
800 27
820 33
840 33
860 18
880 28
900 35
920 34
940 46
960 51
980 50
1000 54
1020 69
1040 101
1060 115
1080 167
1100 231
1120 339
1140 990
1160 2665
1180 3367
1200 1819
1220 719
1240 576
1260 696
1280 792
1300 909
1320 983
1340 1159
1360 1357
1380 1538
1400 1765
1420 1927
1440 2245
1460 2339
1480 2513
1500 2790
1520 3065
1540 3244
1560 3557
1580 3731
1600 4215
1620 4442
1640 4481
1660 4847
1680 5088
1700 5369
1720 7606
1740 17859
1760 41744
1780 54458
1800 32724
1820 11402
1840 6103
1860 6008
1880 5988
1900 6310
1920 6569
1940 6873
1960 7189
1980 7242
2000 7552
2020 7842
2040 8178
2060 8316
2080 8599
2100 8996
2120 9152
2140 9428
2160 9973
2180 10603
2200 10971
2220 11085
2240 11359
2260 11289
2280 11546
2300 11552
2320 11831
2340 12339
2360 12953
2380 12284
2400 11581
2420 11194
2440 11144
2460 10966
2480 10818
2500 10759
2520 10574
2540 10581
2560 10395
2580 10350
2600 10348
2620 10120
2640 10094
2660 10307
2680 10183
2700 9955
2720 10010
2740 9914
2760 9943
2780 9810
2800 9563
2820 9627
2840 9530
2860 9580
2880 9264
2900 9305
2920 9186
2940 9004
2960 8860
2980 8942
3000 8689
3020 8338
3040 8364
3060 8131
3080 7927
3100 7825
3120 7444
3140 7519
3160 7251
3180 7062
3200 7177
3220 7073
3240 7074
3260 7205
3280 7284
3300 7408
3320 7278
3340 6597
3360 6402
3380 6402
3400 6250
3420 6101
3440 5995
3460 5949
3480 5884
3500 5883
3520 6055
3540 6085
3560 6329
3580 8047
3600 14155
3620 21745
3640 18439
3660 9003
3680 5428
3700 5024
3720 5055
3740 4824
3760 4861
3780 4724
3800 4662
3820 4725
3840 4608
3860 4409
3880 4531
3900 4437
3920 4362
3940 4401
3960 4250
3980 4327
4000 4325
4020 4511
4040 4839
4060 6705
4080 12054
4100 15948
4120 11354
4140 5623
4160 4089
4180 3969
4200 3907
4220 4055
4240 3871
4260 3698
4280 3722
4300 3754
4320 3668
4340 3751
4360 3757
4380 4281
4400 4489
4420 4144
4440 4811
4460 10051
4480 24441
4500 32559
4520 18612
4540 6178
4560 3424
4580 3203
4600 3012
4620 3090
4640 3067
4660 3052
4680 3066
4700 3168
4720 3035
4740 2956
4760 2914
4780 2966
4800 3014
4820 3077
4840 3051
4860 2955
4880 3039
4900 3090
4920 3101
4940 2981
4960 3154
4980 3036
5000 2939
5020 3001
5040 3133
5060 4034
5080 10131
5100 31965
5120 54133
5140 37322
5160 10870
5180 3164
5200 2694
5220 3161
5240 5659
5260 20692
5280 65129
5300 92417
5320 51322
5340 11426
5360 2487
5380 1932
5400 1782
5420 1981
5440 2399
5460 3097
5480 3388
5500 2487
5520 1907
5540 1784
5560 1769
5580 1789
5600 1738
5620 1778
5640 1893
5660 2253
5680 4814
5700 11348
5720 14297
5740 8187
5760 3423
5780 2140
5800 1880
5820 1841
5840 1783
5860 1633
5880 1606
5900 1606
5920 1572
5940 1538
5960 1473
5980 1495
6000 1510
6020 1544
6040 1560
6060 1537
6080 1820
6100 3137
6120 5126
6140 4550
6160 2568
6180 1884
6200 1687
6220 1620
6240 1530
6260 1527
6280 1461
6300 1468
6320 1453
6340 1420
6360 1453
6380 1457
6400 1531
6420 1478
6440 1548
6460 1501
6480 1653
6500 2025
6520 2217
6540 1724
6560 1538
6580 2016
6600 4160
6620 6439
6640 4866
6660 2198
6680 1480
6700 1376
6720 1396
6740 1445
6760 1391
6780 1380
6800 1378
6820 1343
6840 1391
6860 1399
6880 1403
6900 1424
6920 1361
6940 1380
6960 1293
6980 1408
7000 1454
7020 1354
7040 1350
7060 1426
7080 1338
7100 1362
7120 1382
7140 1364
7160 1343
7180 1371
7200 1383
7220 1473
7240 1334
7260 1525
7280 1855
7300 1942
7320 1609
7340 1388
7360 1346
7380 1377
7400 1376
7420 1372
7440 1317
7460 1390
7480 1352
7500 1457
7520 1519
7540 1454
7560 1361
7580 1375
7600 1622
7620 1785
7640 1839
7660 1543
7680 1368
7700 1284
7720 1381
7740 1331
7760 1391
7780 1385
7800 1381
7820 1363
7840 1333
7860 1388
7880 1377
7900 1305
7920 1333
7940 1336
7960 1340
7980 1396
8000 1337
8020 1352
8040 1331
8060 1329
8080 1343
8100 1350
8120 1358
8140 1385
8160 1301
8180 1315
8200 1345
8220 1319
8240 1343
8260 1262
8280 1296
8300 1353
8320 1377
8340 1358
8360 1334
8380 1447
8400 1620
8420 1935
8440 2109
8460 1727
8480 1525
8500 1343
8520 1341
8540 1381
8560 1421
8580 1364
8600 1386
8620 1358
8640 1399
8660 1393
8680 1396
8700 1490
8720 1530
8740 1615
8760 1862
8780 1701
8800 1420
8820 1286
8840 1170
8860 1268
8880 1199
8900 1226
8920 1239
8940 1232
8960 1252
8980 1259
9000 1195
9020 1194
9040 1289
9060 1206
9080 1243
9100 1435
9120 1428
9140 1316
9160 1183
9180 1209
9200 1224
9220 1210
9240 1217
9260 1152
9280 1190
9300 1209
9320 1194
9340 1170
9360 1192
9380 1188
9400 1143
9420 1199
9440 1224
9460 1165
9480 1159
9500 1145
9520 1143
9540 1163
9560 1150
9580 1143
9600 1211
9620 1171
9640 1192
9660 1150
9680 1197
9700 1157
9720 1202
9740 1127
9760 1107
9780 1205
9800 1312
9820 1342
9840 1257
9860 1156
9880 1205
9900 1120
9920 1235
9940 1157
9960 1126
9980 1153
10000 1151
10020 1166
10040 1176
10060 1183
10080 1300
10100 1422
10120 1440
10140 1671
10160 1568
10180 1264
10200 1141
10220 1099
10240 1157
10260 1269
10280 1687
10300 2031
10320 1808
10340 1274
10360 1138
10380 1129
10400 1112
10420 1157
10440 1142
10460 1154
10480 1122
10500 1124
10520 1205
10540 1123
10560 1136
10580 1126
10600 1097
10620 1140
10640 1192
10660 1258
10680 1193
10700 1230
10720 1157
10740 1348
10760 1520
10780 1376
10800 1229
10820 1255
10840 1229
10860 1223
10880 1197
10900 1211
10920 1181
10940 1217
10960 1154
10980 1148
11000 1123
11020 1107
11040 1170
11060 1169
11080 1133
11100 1224
11120 1154
11140 1186
11160 1186
11180 1186
11200 1168
11220 1145
11240 1181
11260 1151
11280 1244
11300 1245
11320 1215
11340 1183
11360 1214
11380 1125
11400 1176
11420 1236
11440 1352
11460 1309
11480 1271
11500 1284
11520 1123
11540 1147
11560 1112
11580 1262
11600 1993
11620 5516
11640 12161
11660 13377
11680 6751
11700 2055
11720 1094
11740 1030
11760 1059
11780 1039
11800 1019
11820 995
11840 1043
11860 1063
11880 1099
11900 1088
11920 1027
11940 973
11960 980
11980 1011
12000 1028
12020 968
12040 991
12060 1009
12080 1046
12100 1096
12120 1355
12140 1299
12160 1140
12180 1000
12200 1041
12220 1035
12240 1004
12260 980
12280 1014
12300 1026
12320 1027
12340 959
12360 1058
12380 984
12400 980
12420 1003
12440 1022
12460 972
12480 1015
12500 1040
12520 1033
12540 1062
12560 1045
12580 1107
12600 1130
12620 1065
12640 1066
12660 1007
12680 981
12700 987
12720 976
12740 971
12760 1033
12780 954
12800 1028
12820 979
12840 971
12860 1009
12880 1059
12900 1091
12920 1101
12940 1723
12960 3403
12980 4809
13000 3734
13020 1825
13040 1115
13060 1127
13080 1080
13100 1037
13120 1011
13140 970
13160 995
13180 930
13200 1026
13220 947
13240 947
13260 937
13280 893
13300 971
13320 1016
13340 959
13360 962
13380 897
13400 960
13420 993
13440 962
13460 967
13480 958
13500 985
13520 938
13540 873
13560 851
13580 894
13600 904
13620 884
13640 890
13660 848
13680 749
13700 769
13720 813
13740 1015
13760 1137
13780 1065
13800 850
13820 784
13840 872
13860 979
13880 978
13900 842
13920 800
13940 817
13960 816
13980 780
14000 718
14020 713
14040 706
14060 725
14080 694
14100 694
14120 710
14140 753
14160 716
14180 748
14200 705
14220 737
14240 695
14260 764
14280 684
14300 769
14320 757
14340 835
14360 1059
14380 2070
14400 5748
14420 11532
14440 11796
14460 5867
14480 1677
14500 798
14520 694
14540 635
14560 622
14580 592
14600 583
14620 630
14640 579
14660 644
14680 590
14700 612
14720 559
14740 574
14760 611
14780 569
14800 675
14820 613
14840 622
14860 584
14880 567
14900 568
14920 679
14940 561
14960 566
14980 633
15000 769
15020 981
15040 1195
15060 1098
15080 773
15100 554
15120 527
15140 521
15160 526
15180 522
15200 532
15220 529
15240 515
15260 517
15280 523
15300 489
15320 492
15340 500
15360 505
15380 496
15400 545
15420 524
15440 490
15460 500
15480 510
15500 496
15520 521
15540 505
15560 517
15580 529
15600 550
15620 516
15640 532
15660 561
15680 553
15700 486
15720 512
15740 547
15760 534
15780 553
15800 516
15820 541
15840 520
15860 522
15880 521
15900 494
15920 524
15940 512
15960 510
15980 572
16000 534
16020 498
16040 538
16060 553
16080 543
16100 572
16120 575
16140 602
16160 592
16180 749
16200 1241
16220 3094
16240 6607
16260 8235
16280 5461
16300 2818
16320 1916
16340 1248
16360 720
16380 535
16400 507
16420 514
16440 567
16460 530
16480 513
16500 535
16520 543
16540 589
16560 661
16580 964
16600 2039
16620 5307
16640 9575
16660 9502
16680 4608
16700 1395
16720 573
16740 553
16760 572
16780 615
16800 632
16820 689
16840 624
16860 566
16880 557
16900 476
16920 497
16940 498
16960 496
16980 496
17000 474
17020 483
17040 463
17060 473
17080 494
17100 448
17120 490
17140 496
17160 508
17180 503
17200 537
17220 590
17240 594
17260 567
17280 594
17300 525
17320 495
17340 566
17360 553
17380 510
17400 499
17420 509
17440 518
17460 485
17480 555
17500 594
17520 911
17540 1666
17560 2477
17580 2100
17600 1030
17620 555
17640 476
17660 501
17680 475
17700 470
17720 471
17740 518
17760 484
17780 481
17800 482
17820 437
17840 408
17860 411
17880 413
17900 407
17920 336
17940 390
17960 336
17980 401
18000 378
18020 362
18040 384
18060 365
18080 352
18100 414
18120 531
18140 831
18160 1232
18180 1022
18200 596
18220 352
18240 339
18260 304
18280 345
18300 341
18320 293
18340 321
18360 306
18380 356
18400 281
18420 295
18440 314
18460 338
18480 383
18500 351
18520 276
18540 336
18560 312
18580 275
18600 278
18620 267
18640 263
18660 268
18680 306
18700 334
18720 354
18740 377
18760 267
18780 233
18800 259
18820 212
18840 254
18860 270
18880 259
18900 245
18920 229
18940 249
18960 239
18980 200
19000 213
19020 233
19040 224
19060 243
19080 320
19100 323
19120 257
19140 210
19160 179
19180 169
19200 190
19220 213
19240 170
19260 161
19280 146
19300 166
19320 188
19340 227
19360 222
19380 249
19400 297
19420 497
19440 897
19460 1193
19480 839
19500 391
19520 163
19540 153
19560 147
19580 142
19600 145
19620 132
19640 133
19660 153
19680 163
19700 117
19720 139
19740 126
19760 129
19780 97
19800 134
19820 116
19840 121
19860 125
19880 151
19900 260
19920 690
19940 1587
19960 2129
19980 1367
20000 523
20020 142
20040 86
20060 89
20080 75
20100 74
20120 83
20140 87
20160 86
20180 97
20200 100
20220 113
20240 86
20260 74
20280 83
20300 88
20320 70
20340 84
20360 98
20380 89
20400 71
20420 79
20440 90
20460 75
20480 77
20500 60
20520 82
20540 88
20560 75
20580 65
20600 74
20620 91
20640 91
20660 97
20680 88
20700 89
20720 70
20740 81
20760 87
20780 64
20800 76
20820 107
20840 83
20860 87
20880 82
20900 111
20920 92
20940 129
20960 148
20980 199
21000 282
21020 546
21040 1673
21060 4609
21080 9594
21100 11578
21120 7802
21140 2627
21160 476
21180 91
21200 42
21220 29
21240 47
21260 55
21280 43
21300 39
21320 26
21340 34
21360 38
21380 47
21400 40
21420 37
21440 55
21460 47
21480 52
21500 50
21520 50
21540 58
21560 48
21580 58
21600 62
21620 61
21640 79
21660 103
21680 172
21700 180
21720 127
21740 96
21760 86
21780 96
21800 155
21820 292
21840 417
21860 574
21880 725
21900 573
21920 303
21940 104
21960 34
21980 32
22000 36
22020 36
22040 18
22060 27
22080 26
22100 30
22120 23
22140 27
22160 33
22180 31
22200 27
22220 28
22240 41
22260 31
22280 33
22300 36
22320 41
22340 43
22360 21
22380 39
22400 42
22420 39
22440 43
22460 36
22480 43
22500 32
22520 35
22540 46
22560 28
22580 37
22600 42
22620 46
22640 38
22660 43
22680 37
22700 28
22720 33
22740 30
22760 37
22780 25
22800 30
22820 48
22840 54
22860 88
22880 154
22900 242
22920 261
22940 165
22960 94
22980 40
23000 29
23020 17
23040 25
23060 21
23080 28
23100 26
23120 34
23140 24
23160 25
23180 26
23200 28
23220 26
23240 16
23260 21
23280 25
23300 21
23320 27
23340 22
23360 18
23380 23
23400 18
23420 22
23440 22
23460 16
23480 28
23500 35
23520 26
23540 28
23560 26
23580 19
23600 24
23620 14
23640 19
23660 29
23680 23
23700 19
23720 23
23740 14
23760 26
23780 21
23800 35
23820 29
23840 27
23860 31
23880 24
23900 40
23920 32
23940 17
23960 22
23980 25
24000 23
24020 18
24040 29
24060 22
24080 28
24100 31
24120 34
24140 26
24160 24
24180 16
24200 19
24220 20
24240 25
24260 33
24280 26
24300 30
24320 27
24340 14
24360 16
24380 16
24400 24
24420 27
24440 24
24460 27
24480 23
24500 17
24520 28
24540 25
24560 23
24580 26
24600 24
24620 31
24640 25
24660 29
24680 30
24700 22
24720 24
24740 25
24760 27
24780 19
24800 16
24820 16
24840 18
24860 21
24880 30
24900 19
24920 24
24940 19
24960 16
24980 21
25000 22
25020 23
25040 18
25060 20
25080 15
25100 17
25120 22
25140 26
25160 24
25180 20
25200 22
25220 24
25240 20
25260 23
25280 14
25300 17
25320 18
25340 14
25360 17
25380 16
25400 14
25420 10
25440 18
25460 16
25480 16
25500 20
25520 22
25540 13
25560 18
25580 17
25600 12
25620 17
25640 19
25660 15
25680 19
25700 20
25720 15
25740 14
25760 21
25780 20
25800 15
25820 17
25840 18
25860 21
25880 25
25900 29
25920 31
25940 28
25960 26
25980 15
26000 14
26020 20
26040 14
26060 16
26080 16
26100 22
26120 13
26140 12
26160 13
26180 9
26200 20
26220 13
26240 17
26260 18
26280 14
26300 9
26320 23
26340 17
26360 20
26380 20
26400 31
26420 68
26440 80
26460 72
26480 64
26500 27
26520 17
26540 7
26560 18
26580 16
26600 13
26620 16
26640 20
26660 17
26680 16
26700 8
26720 12
26740 11
26760 13
26780 8
26800 15
26820 16
26840 23
26860 12
26880 9
26900 14
26920 8
26940 13
26960 9
26980 14
27000 16
27020 10
27040 20
27060 22
27080 10
27100 14
27120 11
27140 11
27160 15
27180 17
27200 15
27220 21
27240 16
27260 11
27280 17
27300 17
27320 22
27340 22
27360 15
27380 17
27400 25
27420 19
27440 30
27460 21
27480 21
27500 9
27520 15
27540 15
27560 14
27580 19
27600 17
27620 14
27640 17
27660 25
27680 29
27700 28
27720 20
27740 13
27760 17
27780 16
27800 10
27820 12
27840 15
27860 16
27880 17
27900 8
27920 16
27940 7
27960 10
27980 17
28000 11
28020 11
28040 17
28060 11
28080 13
28100 21
28120 14
28140 11
28160 16
28180 11
28200 9
28220 12
28240 10
28260 13
28280 12
28300 10
28320 14
28340 19
28360 9
28380 14
28400 13
28420 12
28440 9
28460 9
28480 18
28500 16
28520 14
28540 10
28560 10
28580 7
28600 9
28620 16
28640 11
28660 10
28680 15
28700 12
28720 16
28740 9
28760 8
28780 9
28800 11
28820 14
28840 12
28860 15
28880 13
28900 17
28920 12
28940 15
28960 18
28980 9
29000 11
29020 20
29040 15
29060 11
29080 12
29100 18
29120 12
29140 15
29160 10
29180 12
29200 8
29220 10
29240 8
29260 15
29280 7
29300 10
29320 10
29340 12
29360 10
29380 16
29400 13
29420 13
29440 12
29460 9
29480 8
29500 10
29520 14
29540 10
29560 12
29580 9
29600 10
29620 12
29640 15
29660 15
29680 10
29700 12
29720 17
29740 19
29760 15
29780 14
29800 7
29820 8
29840 11
29860 13
29880 13
29900 17
29920 9
29940 13
29960 11
29980 9
30000 8
30020 14
30040 18
30060 12
30080 14
30100 13
30120 16
30140 10
30160 15
30180 11
30200 7
30220 12
30240 17
30260 8
30280 11
30300 11
30320 7
30340 10
30360 9
30380 10
30400 10
30420 9
30440 9
30460 8
30480 8
30500 12
30520 12
30540 10
30560 10
30580 10
30600 17
30620 13
30640 11
30660 12
30680 9
30700 10
30720 13
30740 8
30760 13
30780 14
30800 18
30820 11
30840 12
30860 13
30880 13
30900 8
30920 13
30940 6
30960 10
30980 13
31000 10
31020 12
31040 12
31060 14
31080 7
31100 3
31120 11
31140 10
31160 12
31180 9
31200 11
31220 17
31240 14
31260 12
31280 9
31300 14
31320 8
31340 15
31360 9
31380 11
31400 12
31420 11
31440 12
31460 6
31480 9
31500 21
31520 23
31540 23
31560 22
31580 17
31600 13
31620 11
31640 14
31660 13
31680 10
31700 7
31720 15
31740 11
31760 12
31780 13
31800 12
31820 11
31840 6
31860 11
31880 9
31900 13
31920 10
31940 8
31960 9
31980 7
32000 15
32020 17
32040 8
32060 11
32080 16
32100 14
32120 8
32140 7
32160 8
32180 15
32200 14
32220 13
32240 13
32260 13
32280 14
32300 12
32320 11
32340 8
32360 12
32380 11
32400 17
32420 14
32440 8
32460 7
32480 14
32500 13
32520 11
32540 8
32560 10
32580 11
32600 13
32620 13
32640 16
32660 8
32680 13
32700 8
32720 8
32740 14
32760 11
32780 10
32800 12
32820 12
32840 18
32860 11
32880 7
32900 12
32920 15
32940 10
32960 7
32980 13
33000 25
33020 31
33040 37
33060 29
33080 23
33100 20
33120 11
33140 18
33160 19
33180 20
33200 19
33220 15
33240 13
33260 19
33280 13
33300 11
33320 16
33340 10
33360 18
33380 17
33400 9
33420 13
33440 14
33460 14
33480 12
33500 12
33520 16
33540 10
33560 11
33580 11
33600 7
33620 13
33640 10
33660 15
33680 11
33700 14
33720 13
33740 18
33760 10
33780 12
33800 15
33820 16
33840 13
33860 19
33880 7
33900 13
33920 12
33940 17
33960 12
33980 22
34000 14
34020 10
34040 21
34060 10
34080 14
34100 15
34120 13
34140 12
34160 14
34180 9
34200 15
34220 4
34240 23
34260 9
34280 15
34300 5
34320 5
34340 9
34360 10
34380 10
34400 18
34420 15
34440 7
34460 13
34480 10
34500 14
34520 10
34540 12
34560 16
34580 12
34600 9
34620 10
34640 13
34660 10
34680 10
34700 13
34720 16
34740 18
34760 15
34780 13
34800 6
34820 9
34840 15
34860 8
34880 13
34900 16
34920 11
34940 12
34960 14
34980 16
35000 16
35020 15
35040 10
35060 12
35080 16
35100 20
35120 25
35140 21
35160 14
35180 16
35200 20
35220 17
35240 18
35260 17
35280 12
35300 16
35320 14
35340 13
35360 11
35380 13
35400 12
35420 14
35440 13
35460 20
35480 9
35500 10
35520 16
35540 19
35560 17
35580 16
35600 24
35620 16
35640 18
35660 9
35680 18
35700 24
35720 23
35740 24
35760 28
35780 25
35800 19
35820 29
35840 24
35860 28
35880 28
35900 33
35920 40
35940 34
35960 33
35980 33
36000 48
36020 44
36040 55
36060 52
36080 59
36100 62
36120 77
36140 71
36160 76
36180 73
36200 82
36220 84
36240 86
36260 89
36280 95
36300 110
36320 93
36340 82
36360 110
36380 120
36400 93
36420 129
36440 93
36460 93
36480 120
36500 117
36520 108
36540 113
36560 117
36580 121
36600 111
36620 103
36640 109
36660 118
36680 97
36700 110
36720 108
36740 90
36760 98
36780 94
36800 93
36820 75
36840 78
36860 88
36880 72
36900 68
36920 73
36940 61
36960 50
36980 70
37000 37
37020 40
37040 30
37060 41
37080 36
37100 34
37120 27
37140 20
37160 26
37180 19
37200 19
37220 14
37240 17
37260 17
37280 10
37300 12
37320 6
37340 6
37360 7
37380 11
37400 7
37420 8
37440 5
37460 5
37480 6
37500 8
37520 5
37540 7
37560 4
37580 3
37600 7
37620 2
37640 4
37660 4
37680 8
37700 5
37720 4
37740 9
37760 6
37780 6
37800 6
37820 5
37840 1
37860 3
37880 4
37900 6
37920 5
37940 8
37960 6
37980 9
38000 7
38020 4
38040 4
38060 7
38080 6
38100 1
38120 5
38140 6
38160 7
38180 5
38200 4
38220 4
38240 10
38260 5
38280 3
38300 5
38320 4
38340 6
38360 3
38380 3
38400 6
38420 4
38440 6
38460 6
38480 4
38500 4
38520 3
38540 6
38560 7
38580 3
38600 2
38620 3
38640 3
38660 2
38680 3
38700 6
38720 1
38740 4
38760 6
38780 8
38800 3
38820 2
38840 2
38860 4
38880 2
38900 8
38920 1
38940 2
38960 2
38980 6
39000 6
39020 6
39040 11
39060 6
39080 7
39100 16
39120 15
39140 18
39160 61
39180 88
39200 107
39220 115
39240 70
39260 28
39280 10
39300 2
39320 1
39340 4
39360 2
39380 3
39400 4
39420 2
39440 5
39460 3
39480 3
39500 4
39520 0
39540 1
39560 7
39580 6
39600 1
39620 1
39640 4
39660 4
39680 2
39700 3
39720 3
39740 7
39760 2
39780 2
39800 2
39820 5
39840 2
39860 6
39880 6
39900 6
39920 1
39940 2
39960 2
39980 4
